4.876746127289194321e-01 4.357192819566477748e-01
8.746022700291691265e-01 1.854385800233048220e-01
1.354941826984845665e-02 7.437229121507558105e-01
1.719391853247942414e-02 4.109672973148970065e-01
3.569001753533683763e-01 3.394757434922743844e-01
1.474221345422863649e-01 8.486019636429706914e-01
3.062565682263816980e-01 7.024134043388042814e-01
4.129400396696727427e-01 2.318556789127436124e-01
3.548419892719058000e-01 2.291968276245376357e-01
5.395074140975919530e-02 7.239588456643089032e-01
6.062986406074757362e-01 9.865865383270490119e-01
8.253083323865421095e-01 4.902508311261600804e-01
2.356426198104977221e-01 3.770932006044043217e-01
5.556937342974825889e-01 5.023426030633101336e-01
9.697997403532830907e-01 7.484963180805870309e-01
4.821359014764551310e-01 5.000184820947557451e-01
4.395252660572862569e-01 3.783817495057401059e-01
2.047885177082585662e-01 8.354319596466037723e-01
5.202421488413732087e-01 4.042109949922856327e-01
2.626152979674533094e-01 4.208077047116584035e-01
3.482660083135998841e-01 7.968743200258252557e-01
6.556872918771936565e-01 1.309340590080608768e-01
8.551261861120830199e-01 5.361030257191011783e-01
1.130432854368141893e-01 8.666152439827392584e-01
2.428273940063262470e-01 2.473123907673996369e-01
8.039348538622800300e-01 7.063230873057060322e-01
1.662347229930397630e-01 5.804974652381261757e-01
2.805906690963073657e-01 5.981507705102887540e-01
8.756433171534184767e-01 6.265577913268236543e-01
7.859050810617974614e-01 6.861180587977703249e-01
5.539636846855117147e-01 6.582578661991154156e-01
1.877967919134030383e-01 4.839383870980524804e-01
2.158177565942287490e-02 8.886272825621595040e-01
6.330140525532746976e-01 2.651661070123244590e-01
5.244779192230188958e-01 1.005026315309193174e-01
1.830806932085191630e-01 5.396186340923447844e-01
5.348346073503271736e-01 6.740601996381799799e-01
7.804894919637016537e-01 3.616311211634786194e-01
8.239596567144934491e-01 8.584680516148839313e-01
9.839739515033113504e-01 4.778793588093368516e-01
1.492977564056886530e-01 3.042483542600331603e-01
9.718198867438543331e-02 4.901639282553731380e-01
3.943880416680071166e-01 5.290134941114963407e-01
1.778276505357915260e-01 3.666111540553110837e-01
8.787856564335546627e-01 7.200274947440298279e-01
2.363325359429558903e-01 9.965168710659654261e-01
8.210531037296343593e-01 1.279334713604507456e-02
9.809077245100938924e-03 4.406577131863864683e-02
2.048613414327151716e-01 4.290432975432229012e-01
6.067847486643652699e-01 9.695216700230055995e-01
9.109956053682831678e-01 9.504696298026128476e-01
4.169656504653270757e-01 1.727069020372689057e-01
6.295124740838898836e-01 4.097008802289070495e-01
1.224002285391859735e-01 4.665173769345699606e-01
2.459138672175786855e-01 9.611870922491951852e-01
6.001109603857128771e-01 3.324873922389194325e-01
9.466821785115798749e-01 8.351963570120191083e-01
8.713841536272569632e-01 4.439986923010554865e-01
4.926930051063043159e-01 1.153680400846375242e-01
3.361920670940110600e-02 1.245497568269011701e-01
5.052967489859848671e-01 6.001614238656464151e-01
8.736174864317172162e-01 1.110892558384988238e-01
7.135226487352949176e-01 1.135936594247014542e-01
5.819937857693180394e-02 4.079772203940442710e-01
1.537906362693626239e-01 3.786131912881698369e-01
8.708894088803236233e-01 7.519350562753486233e-01
4.155437087775247784e-01 9.270208692329628963e-01
7.858125892064875551e-01 2.439021632559363884e-01
4.465121146381259010e-01 8.117064820763297828e-01
9.110446742766095118e-01 5.794216330077783805e-02
7.374311497355011680e-01 7.093029960902388353e-01
3.746072138051514955e-02 9.929333580088518518e-01
5.538677721392184505e-01 4.655680257303355107e-01
3.871174383074371672e-01 6.869192372357616483e-01
6.920429574718039989e-01 3.736360247976621141e-01
3.278751480311364874e-01 1.372728443220613270e-01
2.802075467596246705e-01 1.097087235103155756e-03
2.251321564677147835e-01 9.706386338057039209e-01
4.279725990736165109e-01 9.761522052938200744e-01
5.328653166818809739e-01 3.249840595189532610e-01
8.610134258533628238e-01 6.919302004622353008e-01
6.392072368584854614e-01 4.798820429579356839e-01
1.299420787929952414e-01 8.557779012019018916e-01
7.118088444704860906e-01 6.449868134905915040e-01
4.253348001658383559e-01 7.552556680321719229e-01
1.268144396002119922e-01 4.612996039696393158e-02
1.852475784980339713e-01 6.328614364698490480e-01
7.873105028281849327e-01 7.917588942458192447e-01
6.087374377409248138e-01 5.486057323237762962e-01
1.227898199323012030e-01 2.524656588402803825e-01
3.065072991494538490e-01 5.962474060895878170e-01
5.497793588358920180e-01 1.649011116173552116e-01
1.220507225572928789e-01 4.976457820636770446e-02
1.406798062838842123e-01 1.539892097826970341e-01
9.211474617164594481e-01 3.511198560945469893e-01
7.030266102949374041e-01 1.131004710459119211e-01
2.634303024260142845e-02 4.111743359883934801e-02
3.961383437027286014e-01 8.883483338847294464e-01
9.747366176512303193e-01 6.874090461759890802e-01
8.845250641306968697e-01 7.732862042208625830e-01
1.921428525945696464e-01 4.975147177524700259e-01
1.999287555996430710e-01 4.736954611081877209e-01
9.308011250960400718e-01 3.365010778293976434e-01
4.406514167009795147e-01 3.603617424309278894e-01
5.368784238871969761e-01 6.337192963662511280e-01
6.736167626092351979e-01 7.830771939942572368e-01
4.455516434630707456e-01 4.872139531979713389e-01
4.232987621162698222e-01 1.403374647680395437e-01
9.911398511658356947e-01 9.173151181450357461e-01
4.206669826252086297e-01 8.806539360430705177e-01
9.714792664732694316e-01 7.284436977951269654e-01
8.334350728354821269e-01 8.403982602714821226e-02
5.170579326011037757e-01 4.734221402289855440e-01
3.013487596008492808e-01 2.876526533845559230e-01
4.291472083606050480e-01 3.432093837034116968e-01
4.925464440428343194e-01 3.573457464605248601e-01
9.453457708663070003e-01 9.365570324447474171e-01
6.487563721132857397e-01 4.164272593579309012e-01
2.640181011593885074e-01 9.569899954330089997e-01
8.855968173060408954e-01 3.860259668175205494e-01
2.428188913036817276e-01 8.733319598056208388e-01
7.871496105466775361e-01 1.465271171518560678e-01
7.373098882548029254e-01 9.976778983132830181e-01
8.183397019399448746e-01 3.225568243745180474e-01
1.131757389410801284e-01 9.225917419634643846e-01
7.673669763556323353e-03 7.291849581882844378e-01
1.487622591307049547e-01 8.428738465808621738e-01
7.899521294973474994e-01 2.262055042966216734e-01
8.839564678207869619e-01 4.778896909953438410e-01
3.681967947376193484e-01 7.249580607679125821e-01
9.312371571558666350e-01 9.809514986318936813e-01
4.539380815955631476e-01 4.427166560173367849e-02
3.207377600793326344e-01 7.385655023157667864e-01
8.584368984133716740e-02 5.899693781616757171e-01
9.143092842696414202e-01 1.174131673432596834e-01
6.654413024216382366e-01 8.957409792642976321e-01
8.988029977019804662e-01 8.312030207945906302e-01
4.037522064917746789e-01 4.948919247784558939e-01
1.103449225671793155e-01 2.628083808495029761e-02
3.023647717789348377e-01 3.040794359443794725e-01
3.470516823841965914e-01 9.430286006491356288e-01
8.727217187328921710e-01 9.872516816421050834e-01
3.468783429575960087e-01 8.443074111611622579e-01
6.717183868645504319e-01 6.835716960551614374e-01
2.028836715184467732e-01 5.230578666851032343e-01
5.561885149705213527e-01 4.142126298527173400e-01
3.172856758642267350e-01 4.484853388581856448e-01
1.951421632488595792e-01 7.621326071005489755e-01
3.877836933529632546e-02 2.486637309660995054e-01
1.316667182541512160e-01 6.042825131060742816e-01
9.050073432200900214e-01 4.536662363696226663e-01
5.309643421295874299e-01 2.262431774451484356e-01
9.750393491976910854e-01 7.747933839070246798e-01
1.758039417012475791e-01 6.720298503683741487e-02
8.904020225055829796e-01 3.858542674625392577e-01
8.270574271356364582e-01 7.471308627068922181e-01
6.744689683817953751e-01 6.215296909387822977e-01
5.736870225503348797e-01 2.915268777553416957e-01
6.708575564482056608e-01 8.069501346940414210e-01
2.055809460111950315e-01 3.691587349296822085e-01
6.961868092568811450e-01 1.724573389961019387e-01
2.114522743725867349e-01 3.112058663805229441e-01
2.174856899650139397e-01 5.341251672027004238e-01
6.003535868623508520e-01 8.778504584556879875e-01
2.984405480468377281e-01 8.517099958892598854e-01
7.554359346499903705e-01 2.224293443742135779e-01
9.947150256851927663e-01 5.464706218821535622e-01
1.638878950877422636e-01 1.545078746705135231e-01
6.965780748075619533e-01 9.958888593565788927e-01
8.496566509671785727e-01 8.105155008386419890e-01
8.370577013654767473e-02 8.558210621219033420e-01
9.591593849204264055e-01 6.151493023425077533e-01
3.740555923280882711e-01 3.325948119002813952e-01
4.885856068683306352e-01 8.263430455120724938e-01
8.167903126098957634e-01 6.185978939164060719e-01
2.010555051136608817e-01 3.463928930820718843e-01
7.674908057172881160e-01 9.426414640618129281e-01
5.146389286839014865e-01 9.783112498644499500e-01
1.939397784240014522e-01 6.365580714004387408e-01
4.772119942230135248e-01 8.526196044654772432e-01
8.562985875022413040e-01 1.616718755277856134e-01
8.723855304100246455e-01 4.188614119974998218e-01
1.050087319214862980e-01 5.272593942901681041e-01
3.055988680644328159e-02 5.622372824046715234e-01
5.950300200369420534e-01 7.215735842871574546e-01
9.356779688050722577e-01 2.901058654408659176e-01
3.691231918164804560e-01 9.621158372365962164e-01
8.737419064624456500e-01 3.105786220447996904e-01
7.442427855827988825e-01 9.569180160958467019e-01
3.617828464466593674e-01 4.983924617332580187e-01
1.398816622288154843e-01 9.039786237554477966e-01
2.246708949203868322e-03 7.011501293369822863e-01
1.383549271801642888e-02 6.350387656113322121e-01
6.420022558067264296e-01 9.763400599495618559e-01
2.670417422046972300e-01 2.535156206480632113e-01
3.831559770259000963e-01 5.254711234620734750e-03
4.121276190095629621e-01 5.597954133514326802e-01
4.346895690476222374e-01 6.904397498627946606e-01
7.685644548428437473e-01 4.800930881216954882e-01
4.608983204793801747e-01 5.697209293993354962e-02
